90

8
E
P
N
X
R
C
H
F
2 8 3 7 6 1 5 4
6 5 8 1 7 3 4 2
8 6 7 4 1 3 2 5
4 2 8 1 6 3 5 7
5 4 2 7 3 6 1 8

4
Y
S
Q
W
4 3 2 1
2 1 4 3
4 3 2 1

10
T
B
U
Z
E
P
S
L
N
M
6 10 8 7 1 5 9 3 4 2
5 3 9 6 7 10 1 2 4 8
8 2 9 1 4 3 6 10 5 7
8 4 1 5 10 3 9 7 2 6
2 3 5 6 9 8 10 4 7 1
10 2 8 6 3 4 7 1 9 5

2
V
I
2 1
1 2
2 1

1
J
1
1
1

4
O
G
F
I
1 3 2 4
3 2 1 4
3 2 4 1
4 2 3 1

3
I
N
E
2 1 3
1 3 2
3 2 1
1 3 2

8
O
U
T
K
A
D
L
H
8 3 7 6 1 2 4 5

7
A
E
B
O
F
S
P
3 7 5 1 6 4 2
4 6 1 7 3 5 2
4 7 1 3 5 6 2
2 7 5 3 6 4 1
3 5 6 1 7 4 2

1
L
1
1

6
F
Y
J
W
C
U
4 1 3 5 6 2
6 5 3 2 4 1
6 5 4 3 2 1
6 5 4 3 2 1
5 1 3 2 4 6

5
I
E
Y
S
X
1 2 4 5 3
2 1 4 3 5
3 4 1 5 2
3 1 4 2 5
3 1 4 2 5
4 2 5 3 1
5 4 2 3 1

6
P
T
D
S
E
L
6 2 5 4 3 1
6 3 2 5 4 1
6 3 5 1 4 2
2 6 1 3 5 4
5 4 2 6 1 3
4 1 5 2 6 3
3 4 2 6 1 5

1
Q
1
1
1
1
1
1
1

5
E
C
T
R
G
5 1 2 3 4
3 2 5 1 4

4
F
R
H
L
3 2 1 4
2 3 4 1
3 4 1 2
1 3 2 4

1
A
1
1
1
1

10
S
Y
W
Z
H
T
P
L
J
O
4 9 6 5 8 7 10 2 1 3
8 2 5 7 9 3 4 10 1 6
9 3 7 6 8 1 4 10 2 5
8 4 7 10 9 2 5 1 6 3
5 8 7 4 6 1 2 3 10 9
2 5 7 3 9 6 4 10 8 1
1 4 8 5 6 7 9 2 3 10

9
U
J
Z
A
Y
W
F
H
Q
9 3 5 8 6 2 4 1 7
2 6 9 3 8 1 7 4 5
7 1 5 4 6 8 3 2 9
2 8 9 3 6 5 1 7 4
3 9 1 7 2 5 6 8 4
9 4 2 7 8 1 3 5 6

4
N
H
Z
E
4 2 3 1

4
F
B
G
S
3 4 2 1
3 2 4 1
2 3 1 4
3 1 2 4

7
M
F
J
S
D
O
Y
4 3 6 7 2 1 5
1 3 4 6 2 5 7
6 4 7 3 2 1 5
2 5 7 3 6 1 4
1 6 5 3 4 7 2

3
X
F
V
1 3 2
3 2 1
3 2 1
2 1 3
2 3 1

9
X
H
I
J
Z
Y
M
K
G
4 5 9 7 1 2 3 6 8
7 3 9 2 8 6 4 5 1
8 7 6 2 1 3 4 5 9
4 2 5 8 3 1 7 6 9

3
A
D
B
1 2 3
2 3 1
1 3 2
1 3 2
3 2 1
3 2 1

4
C
R
A
Z
2 1 3 4
2 3 1 4
1 3 4 2
4 2 1 3
2 4 1 3
3 4 2 1

4
Y
U
B
K
4 1 3 2
1 2 4 3
1 3 4 2
1 3 4 2
4 3 2 1

8
Z
L
N
Q
A
B
U
K
1 7 4 5 8 2 3 6
8 6 3 7 4 1 5 2

8
E
T
N
V
I
X
Y
J
2 8 5 7 1 6 3 4
5 4 6 2 8 3 1 7
1 5 4 2 7 8 3 6
8 6 7 5 3 4 2 1

7
Y
F
M
W
V
G
K
5 3 7 1 4 6 2
1 5 6 3 2 4 7
4 2 7 1 5 6 3
1 7 4 2 3 5 6

7
N
K
W
Y
D
R
P
7 3 2 1 6 5 4
5 4 7 2 1 6 3
4 5 2 7 3 1 6
6 1 3 2 7 4 5
2 7 5 4 3 6 1

5
J
L
D
S
Y
1 2 5 4 3
2 1 3 5 4
5 4 1 3 2

4
W
B
J
H
4 2 3 1
2 3 1 4
3 1 2 4

3
Q
O
J
2 1 3

8
O
B
J
U
K
C
H
G
4 8 1 6 7 3 2 5
5 1 8 6 3 2 4 7
4 5 1 6 3 7 2 8
3 8 4 5 2 1 7 6

4
A
C
K
Y
3 4 2 1
3 2 4 1
4 1 2 3

4
Z
S
K
V
1 3 2 4
4 3 2 1
3 2 4 1
3 4 2 1

5
V
F
L
G
K
1 4 5 2 3
4 3 1 2 5
5 3 1 4 2
5 4 3 1 2
1 3 2 4 5
1 3 4 5 2
5 4 2 1 3

5
M
E
H
Y
S
5 4 2 1 3
2 5 1 3 4
4 3 5 2 1
1 4 5 2 3

2
E
H
1 2
2 1
2 1
2 1
2 1

10
I
S
R
K
M
Q
D
O
N
E
2 1 5 6 7 8 9 4 3 10
8 7 5 10 2 6 9 4 3 1
8 6 2 4 9 7 3 1 5 10
10 4 3 9 1 8 7 5 2 6
1 4 10 7 3 9 8 5 6 2
7 10 3 2 5 6 4 9 1 8
3 6 7 2 8 4 1 10 5 9

2
E
A
2 1
2 1
1 2
2 1
2 1

5
J
X
C
V
B
1 5 4 2 3
5 1 3 4 2
3 1 4 2 5
3 5 2 4 1
2 5 1 4 3
4 5 1 2 3
4 3 2 1 5

8
L
T
J
X
H
U
Z
N
1 5 2 3 6 4 7 8

9
K
T
L
P
Q
F
O
S
H
6 7 1 3 5 4 8 9 2
7 3 4 9 2 8 6 5 1

3
R
L
K
2 1 3
3 2 1
3 1 2

6
X
T
W
J
I
N
1 5 3 2 6 4
4 6 3 5 2 1
3 6 2 4 1 5
5 6 4 2 1 3
3 1 5 2 4 6

4
J
E
G
W
1 2 3 4
2 1 4 3
1 4 3 2
3 4 1 2

4
O
V
M
X
4 1 2 3
2 1 4 3

8
Y
W
N
U
A
K
X
R
2 5 4 1 8 3 6 7

8
S
H
G
B
V
C
D
P
6 5 8 2 1 7 4 3

1
Y
1
1
1
1
1

1
X
1
1

6
V
M
G
A
R
Y
5 4 1 2 3 6
6 4 2 3 1 5

7
J
G
A
I
Q
E
R
1 5 3 6 4 7 2
2 3 5 7 4 6 1
4 7 3 6 2 5 1
1 7 4 3 5 2 6
6 5 4 7 3 2 1
3 7 4 1 2 5 6

7
Z
M
L
I
E
T
X
4 6 5 7 1 3 2
1 2 5 3 6 7 4
2 1 5 6 3 7 4

5
T
S
M
J
Z
3 4 2 5 1

3
N
Y
U
3 2 1
2 3 1
2 1 3
3 1 2
1 2 3
1 2 3

4
P
V
I
N
1 2 3 4
3 2 1 4
2 1 4 3
4 1 2 3

6
R
H
D
P
O
U
2 4 1 6 3 5
3 6 5 4 1 2
5 4 2 3 1 6
4 1 6 3 5 2
1 5 4 3 2 6

4
N
Z
I
J
1 4 3 2
2 1 3 4
3 1 2 4
3 1 4 2
4 1 2 3
1 2 4 3

5
S
U
O
P
Q
2 1 4 5 3
2 3 5 4 1

4
P
Y
Q
V
1 3 4 2

3
F
L
A
3 2 1
2 1 3
3 1 2
1 3 2
1 2 3
1 2 3
2 3 1

1
P
1
1
1
1

8
X
V
D
Z
N
J
W
I
8 7 4 5 1 2 6 3
7 4 5 2 6 1 8 3
1 6 3 4 5 8 2 7
5 7 2 6 1 8 4 3
7 1 8 6 2 5 4 3
8 4 7 1 6 2 3 5
4 8 3 6 7 5 2 1

4
C
B
N
A
3 1 2 4
4 1 2 3
3 2 4 1
4 2 1 3
1 3 4 2

8
K
U
I
N
E
T
L
G
2 4 3 7 1 8 6 5
4 8 7 5 1 2 6 3
5 7 4 8 3 1 2 6
6 2 7 1 5 4 3 8
2 8 3 6 1 7 5 4

8
Y
W
V
U
K
M
N
H
3 2 4 8 5 7 1 6
1 5 4 7 2 6 3 8

5
I
X
R
J
U
4 2 1 3 5
1 3 4 2 5
5 3 1 4 2
5 3 4 2 1
5 1 2 4 3
3 5 4 2 1
4 3 5 2 1

7
E
L
P
X
D
O
B
2 4 1 3 5 6 7
5 6 4 1 2 3 7
1 4 7 6 5 2 3

10
I
N
E
T
D
Y
S
G
W
O
7 6 8 9 10 3 2 5 4 1

2
Q
S
1 2
2 1
2 1

1
T
1
1
1
1
1
1

6
E
J
W
Q
Y
K
5 4 3 1 6 2
3 2 6 4 1 5
6 5 1 2 3 4
5 3 4 6 1 2
1 2 3 4 6 5
1 4 5 2 6 3

3
O
L
U
1 3 2
3 2 1
2 3 1
3 2 1
2 1 3

5
J
I
G
M
N
1 3 5 4 2

7
T
U
E
K
D
A
L
3 5 1 2 7 4 6
7 6 3 1 5 2 4
2 6 4 3 5 7 1
5 2 7 6 1 4 3

6
J
N
Q
P
K
V
1 3 2 4 6 5
2 4 5 6 3 1
1 6 5 4 2 3
2 5 6 4 3 1
3 4 1 6 2 5
1 2 4 6 3 5

6
S
O
I
F
U
P
3 6 1 2 4 5
1 3 2 5 6 4
6 1 4 5 2 3

1
A
1
1
1
1

5
V
C
O
B
E
1 5 4 3 2
4 2 5 3 1
4 2 5 1 3

10
A
E
P
T
K
W
C
Q
I
B
7 8 2 3 6 4 1 5 10 9
10 1 4 9 8 2 6 7 5 3
7 4 10 9 1 2 3 8 6 5
9 10 1 2 8 3 6 5 7 4
7 4 10 3 6 8 2 5 1 9
9 8 7 5 1 2 6 10 4 3
3 9 6 2 7 1 10 8 4 5

10
M
Q
S
C
A
R
P
H
B
D
8 10 5 2 6 1 7 9 3 4
9 8 3 1 10 6 4 7 5 2
7 6 1 4 2 8 9 5 3 10
2 3 8 4 9 1 10 6 7 5

4
S
O
M
K
2 1 3 4
4 2 1 3
4 1 3 2
2 4 1 3
2 4 3 1

9
U
W
O
T
V
J
S
M
D
7 1 3 2 8 9 4 5 6
1 7 2 6 4 5 9 3 8
2 4 3 5 6 1 7 9 8
4 5 7 2 3 6 9 8 1
7 6 1 5 3 2 9 8 4
2 1 9 7 4 6 8 3 5
1 3 8 9 7 5 2 6 4

6
S
Y
K
A
Q
Z
4 1 3 6 2 5

9
L
U
C
E
Q
Z
I
O
K
3 9 5 6 1 8 4 2 7
9 5 8 6 1 2 4 3 7
2 3 6 8 1 4 9 5 7
8 1 7 5 3 2 9 6 4
5 8 2 1 4 9 7 3 6
8 7 2 5 1 3 6 4 9

3
P
H
D
1 3 2
3 2 1

10
B
H
G
T
Z
Q
A
J
F
Y
2 4 6 10 9 8 5 3 1 7
6 7 5 1 9 3 2 4 10 8
6 3 7 8 2 9 10 1 4 5
4 9 7 1 3 10 6 5 8 2